 0.4808047
 0.4804476
 0.4793868
 0.4776539
 0.4752992
 0.4723891
 0.4690023
 0.4652259
 0.4611517
 0.4568722
 0.4524781
 0.4480552
 0.4436833
 0.4394348
 0.4353741
 0.4315573
 0.4280331
 0.4248423
 0.4220191
 0.4195915
 0.4175816
 0.4160067
 0.4148792
 0.4142075
 0.4139960
 0.4142449
 0.4149509
 0.4161064
 0.4176995
 0.4197134
 0.4221264
 0.4249105
 0.4280317
 0.4314485
 0.4351121
 0.4389656
 0.4429442
 0.4469754
 0.4509794
 0.4548714
 0.4585625
 0.4619632
 0.4649866
 0.4675513
 0.4695862
 0.4710336
 0.4718521
 0.4720194
 0.4715328
 0.4704091
 0.4686832
 0.4664055
 0.4636385
 0.4604531
 0.4569243
 0.4531280
 0.4491376
 0.4450215
 0.4408408
 0.4366483
 0.4324879
 0.4283939
 0.4243917
 0.4204980
 0.4167216
 0.4130641
 0.4095215
 0.4060845
 0.4027404
 0.3994737
 0.3962679
 0.3931064
 0.3899735
 0.3868560
 0.3837438
 0.3806310
 0.3775161
 0.3744029
 0.3713006
 0.3682233
 0.3651902
 0.3622245
 0.3593536
 0.3566071
 0.3540171
 0.3516165
 0.3494382
 0.3475147
 0.3458765
 0.3445516
 0.3435645
 0.3429351
 0.3426772
 0.3427973
 0.3432924
 0.3441475
 0.3453328
 0.3467996
 0.3484763
 0.3502638
 0.3520305
 0.3536094
 0.3547968
 0.3553548
 0.3550216
 0.3535277
 0.3506216
 0.3461008
 0.3398435
 0.3318332
 0.3221696
 0.3110612
 0.2987994
 0.2857232
 0.2721805
 0.2584958
 0.2449476
 0.2317581
 0.2190909
 0.2070566
 0.1957206
 0.1851126
 0.1752359
 0.1660745
 0.1576001
 0.1497763
 0.1425629
 0.1359176
 0.1297988
 0.1241657
 0.1189798
 0.1142051
 0.1098079
 0.1057576
 0.1020258
 0.0985868
 0.0954172
 0.0924959
 0.0898037
 0.0873232
 0.0850386
 0.0829360
 0.0810026
 0.0792268
 0.0775984
 0.0761081
 0.0747475
 0.0735091
 0.0723863
 0.0713731
 0.0704642
 0.0696550
 0.0689413
 0.0683195
 0.0677866
 0.0673399
 0.0669772
 0.0666969
 0.0664975
 0.0663781
 0.0663381
 0.0663773
 0.0664960
 0.0666946
 0.0669742
 0.0673361
 0.0677820
 0.0683141
 0.0689350
 0.0696478
 0.0704561
 0.0713640
 0.0723762
 0.0734980
 0.0747352
 0.0760946
 0.0775837
 0.0792108
 0.0809851
 0.0829170
 0.0850180
 0.0873007
 0.0897793
 0.0924695
 0.0953885
 0.0985556
 0.1019920
 0.1057209
 0.1097681
 0.1141619
 0.1189329
 0.1241147
 0.1297434
 0.1358575
 0.1424975
 0.1497054
 0.1575232
 0.1659914
 0.1751461
 0.1850160
 0.1956170
 0.2069463
 0.2189743
 0.2316359
 0.2448212
 0.2583669
 0.2720515
 0.2855970
 0.2986792
 0.3109503
 0.3220711
 0.3317494
 0.3397760
 0.3460500
 0.3505867
 0.3535072
 0.3550133
 0.3553563
 0.3548054
 0.3536228
 0.3520466
 0.3502808
 0.3484929
 0.3468146
 0.3453454
 0.3441572
 0.3432988
 0.3428002
 0.3426765
 0.3429309
 0.3435569
 0.3445407
 0.3458625
 0.3474979
 0.3494189
 0.3515948
 0.3539935
 0.3565819
 0.3593270
 0.3621970
 0.3651618
 0.3681945
 0.3712714
 0.3743736
 0.3774867
 0.3806016
 0.3837145
 0.3868266
 0.3899440
 0.3930767
 0.3962379
 0.3994432
 0.4027092
 0.4060525
 0.4094886
 0.4130302
 0.4166865
 0.4204618
 0.4243544
 0.4283557
 0.4324489
 0.4366088
 0.4408012
 0.4449822
 0.4490993
 0.4530911
 0.4568896
 0.4604213
 0.4636103
 0.4663816
 0.4686642
 0.4703955
 0.4715251
 0.4720179
 0.4718568
 0.4710443
 0.4696027
 0.4675731
 0.4650130
 0.4619937
 0.4585961
 0.4549073
 0.4510168
 0.4470134
 0.4429822
 0.4390027
 0.4351477
 0.4314820
 0.4280626
 0.4249385
 0.4221510
 0.4197344
 0.4177165
 0.4161194
 0.4149597
 0.4142494
 0.4139962
 0.4142034
 0.4148707
 0.4159939
 0.4175647
 0.4195706
 0.4219943
 0.4248139
 0.4280014
 0.4315226
 0.4353368
 0.4393956
 0.4436426
 0.4480136
 0.4524363
 0.4568311
 0.4611121
 0.4651887
 0.4689683
 0.4723592
 0.4752742
 0.4776345
 0.4793735
 0.4804408
