31.5425625
31.0283135
29.5119492
27.0711834
23.8308789
19.9565159
15.6461880
11.1235769
 6.6439189
 2.6581049
 2.4806830
 5.4487242
 7.9680686
 9.6983930
10.5501415
10.5045986
 9.5954656
 7.9041350
 5.5651054
 2.8561954
 1.8762712
 4.8519441
 8.4012381
11.9438265
15.2989464
18.3464155
21.0016989
23.2113725
24.9497455
26.2139614
27.0174428
27.3823648
27.3322690
26.8860982
26.0547923
24.8411090
23.2426385
21.2572826
18.8900236
16.1597401
13.1052506
 9.7911061
 6.3198994
 2.9258513
 1.8607144
 4.7877411
 7.8555872
10.5685713
12.7692558
14.3491077
15.2317305
15.3738866
14.7683890
13.4467516
11.4824683
 9.0005006
 6.2214018
 3.7344663
 3.5490815
 6.0186650
 9.0428554
11.9211540
14.4005709
16.3334992
17.6243956
18.2195753
18.1046388
17.3025697
15.8707589
13.8965441
11.4913309
 8.7835922
 5.9112595
 3.0149989
 0.3155521
 2.3770042
 4.6284196
 6.4963190
 7.9377102
 8.9442691
 9.5409121
 9.7844307
 9.7600490
 9.5743248
 9.3419003
 9.1641757
 9.1032961
 9.1637805
 9.2949736
 9.4131317
 9.4284232
 9.2646109
 8.8691580
 8.2170478
 7.3122412
 6.1905358
 4.9304932
 3.6926173
 2.8331138
 2.8885990
 3.7872392
 4.9639050
 6.0754979
 6.9505375
 7.4860448
 7.6157740
 7.3039109
 6.5488958
 5.3999034
 4.0194388
 2.9533084
 3.4177881
 5.3732240
 7.8911189
10.5545720
13.1591432
15.5618976
17.6500726
19.3364911
20.5611524
21.2938115
21.5358734
21.3209520
20.7138054
19.8074358
18.7179672
17.5764466
16.5161711
15.6545533
15.0717524
14.7942909
14.7943299
15.0068661
15.3541735
15.7640073
16.1761725
16.5402074
16.8096432
16.9372662
16.8736732
16.5694533
15.9800280
15.0716235
13.8268978
12.2491192
10.3642506
 8.2207116
 5.8869506
 3.4476268
 1.0093129
 1.4161598
 3.6156876
 5.5819624
 7.2522253
 8.5953250
 9.6085605
10.3167802
10.7678759
11.0236095
11.1459490
11.1811895
11.1466356
11.0252976
10.7711005
10.3221496
 9.6166110
 8.6064115
 7.2664572
 5.5991809
 3.6354664
 1.4376499
 0.9869842
 3.4244062
 5.8642777
 8.1994532
10.3451362
12.2327064
13.8135410
15.0614600
15.9729874
16.5652871
16.8720025
16.9376388
16.8115867
16.5432651
16.1799075
15.7679718
15.3578537
15.0096358
14.7954622
14.7930749
15.0677107
15.6476626
16.5069487
17.5658565
18.7072243
19.7978117
20.7064833
21.3169298
21.5359030
21.2983616
20.5703899
19.3502794
17.6679833
15.5832333
13.1829612
10.5796840
 7.9159804
 5.3953392
 3.4310618
 2.9486042
 4.0064688
 5.3875455
 6.5397601
 7.2988274
 7.6149267
 7.4892461
 6.9573075
 6.0850609
 4.9750549
 3.7978010
 2.8940241
 2.8286572
 3.6819388
 4.9183518
 6.1791221
 7.3025842
 8.2096597
 8.8642200
 9.2620229
 9.4278174
 9.4138919
 9.2962940
 9.1648028
 9.1033407
 9.1629997
 9.3398307
 9.5721716
 9.7588710
 9.7852989
 9.5447477
 8.9517512
 7.9492292
 6.5119557
 4.6479383
 2.3998111
 0.2992292
 2.9880056
 5.8838153
 8.7570320
11.4669777
13.8756676
15.8545035
17.2918845
18.1002164
18.2218023
17.6333178
16.3487997
14.4215535
11.9467030
 9.0712446
 6.0464936
 3.5641895
 3.7172564
 6.1949975
 8.9751873
11.4612166
13.4310656
14.7591816
15.3716484
15.2365738
14.3607918
12.7872132
10.5919333
 7.8831623
 4.8175728
 1.8806100
 2.8964673
 6.2868913
 9.7588750
13.0750605
16.1323482
18.8659087
21.2367091
23.2257093
24.8278271
26.0451262
26.8800425
27.3298855
27.3837970
27.0228987
26.2236678
24.9638828
23.2300027
21.0246974
18.3734165
15.3293049
11.9765892
 8.4350685
 4.8845485
 1.8939199
 2.8312704
 5.5405766
 7.8848227
 9.5829940
10.4999637
10.5538917
 9.7106132
 7.9883047
 5.4756141
 2.5065926
 2.6273400
 6.6028519
11.0806555
15.6041260
19.9175399
23.7969883
27.0441082
29.4930734
31.0186036
