1238.8465725
1238.7831434
1238.5716532
1238.1507087
1237.4251278
1236.2758478
1234.5723486
1232.1864614
1229.0064554
1224.9504405
1219.9783120
1214.1016509
1207.3911187
1199.9809516
1192.0701812
1183.9202239
1175.8485409
1168.2182108
1161.4235016
1155.8718645
1151.9631611
1150.0673105
1150.5018240
1153.5108142
1159.2469907
1167.7579051
1178.9773456
1192.7223967
1208.6963477
1226.4973708
1245.6326897
1265.5377583
1285.5997350
1305.1842497
1323.6641605
1340.4487265
1355.0114597
1366.9148956
1375.8306774
1381.5536514
1384.0091158
1383.2528775
1379.4643090
1372.9331000
1364.0408094
1353.2386159
1341.0228210
1327.9096746
1314.4110040
1301.0119596
1288.1519788
1276.2098442
1265.4934672
1256.2347594
1248.5896343
1242.6428049
1238.4166294
1235.8828604
1234.9758441
1235.6055746
1237.6690749
1241.0588546
1245.6676381
1251.3890904
1258.1147996
1265.7282282
1274.0966740
1283.0624602
1292.4346247
1301.9823292
1311.4310829
1320.4627065
1328.7197338
1335.8146647
1341.3441167
1344.9074907
1346.1292805
1344.6836789
1340.3197171
1332.8848977
1322.3451853
1308.7993388
1292.4859023
1273.7816888
1253.1912440
1231.3275006
1208.8845493
1186.6040912
1165.2376336
1145.5068073
1128.0643034
1113.4578777
1102.0996844
1094.2429295
1089.9674873
1089.1756880
1091.5989125
1096.8149041
1104.2748585
1113.3384866
1123.3144982
1133.5034610
1143.2398076
1151.9299107
1159.0835677
1164.3368612
1167.4651114
1168.3854390
1167.1492436
1163.9256201
1158.9773460
1152.6315366
1145.2473797
1137.1835139
1128.7676129
1120.2705764
1111.8874048
1103.7263371
1095.8071584
1088.0687663
1080.3851902
1072.5883856
1064.4953997
1055.9370247
1046.7848954
1036.9741534
1026.5192600
1015.5212308
1004.1653857
992.7095875
981.4637803
970.7623821
960.9316864
952.2548598
944.9374010
939.0760411
934.6340225
931.4254573
929.1109879
927.2062190
925.1033850
922.1055347
917.4713170
910.4673892
900.4246748
886.7942570
869.1986081
847.4741282
821.7015331
792.2214571
759.6336385
724.7791894
688.7066043
652.6232725
617.8352160
585.6785013
557.4462437
534.3153801
517.2775862
507.0789890
504.1735465
508.6945920
520.4474847
538.9236916
563.3340323
592.6573278
625.7004311
661.1658318
697.7230880
734.0801452
769.0504219
801.6116337
830.9527807
856.5065143
877.9651275
895.2795744
908.6421237
918.4543936
925.2835316
929.8101135
932.7718902
934.9077382
936.9060387
939.3611916
942.7411090
947.3674093
953.4088072
960.8870353
969.6936759
979.6156052
990.3663475
1001.6204484
1013.0479617
1024.3462677
1035.2667137
1045.6339981
1055.3568203
1064.4290640
1072.9216308
1080.9659145
1088.7307271
1096.3951523
1104.1202298
1112.0224947
1120.1521856
1128.4784179
1136.8828659
1145.1626253
1153.0420508
1160.1925789
1166.2589126
1170.8894777
1173.7687621
1174.6490057
1173.3787121
1169.9256174
1164.3920670
1157.0212293
1148.1931918
1138.4107206
1128.2752584
1118.4545551
1109.6440698
1102.5249000
1097.7213762
1095.7615479
1097.0435312
1101.8101180
1110.1332526
1121.9091093
1136.8636966
1154.5682573
1174.4632382
1195.8892189
1218.1228694
1240.4157326
1262.0334307
1282.2928307
1300.5948184
1316.4506515
1329.5003666
1339.5223673
1346.4340421
1350.2839882
1351.2370639
1349.5539985
1345.5676004
1339.6576994
1332.2268413
1323.6784459
1314.3987166
1304.7430929
1295.0275632
1285.5247232
1276.4641234
1268.0361770
1260.3986965
1253.6849730
1248.0122035
1243.4890367
1240.2210707
1238.3133255
1237.8690507
1238.9846787
1241.7412613
1246.1932361
1252.3557865
1260.1922956
1269.6034332
1280.4192397
1292.3952593
1305.2133819
1318.4876601
1331.7750183
1344.5904793
1356.4262783
1366.7740050
1375.1486877
1381.1135226
1384.3037830
1384.4483536
1381.3873578
1375.0845106
1365.6331286
1353.2551545
1338.2930619
1321.1950448
1302.4944153
1282.7845554
1262.6910685
1242.8428943
1223.8441059
1206.2479064
1190.5340507
1177.0905955
1166.2005963
1158.0341482
1152.6459997
1149.9787974
1149.8717974
1152.0745634
1156.2648039
1162.0691317
1169.0852784
1176.9042047
1185.1306619
1193.4010310
1201.3976352
1208.8591049
1215.5867059
1221.4467800
1226.3695820
1230.3448543
1233.4144971
1235.6627114
1237.2040687
1238.1700897
1238.6951069
1238.9023817
1238.8915896
