77273.0735487
38841.4990700
2069.3605800
1623.0288447
359.6807618
1540.6087844
19345.8977125
56079.5097707
41012.7660002
6434.4824895
1287.9964987
408.0999522
2892.0655272
7270.3233076
35506.1643010
31914.6940522
4739.7382919
1361.4130820
868.9167509
1561.1640803
3136.1483860
19789.8395106
23114.9433321
6453.6164132
309.8064054
889.2636488
1427.7492606
3587.3545817
31005.9942918
55052.3292921
22649.8407415
3582.4123734
3240.9678908
3549.7668723
7233.0814925
55127.2645055
150477.9297836
91636.9615378
1884.4230929
7634.1135330
2365.7029320
3867.9405085
29870.8120980
118296.8295268
119894.8540206
38868.3434699
8173.9998687
3257.3363697
7829.9594926
3730.7169860
42741.0457401
54484.6398222
18068.2531480
2183.7988511
3590.3877068
6906.1314381
3320.3814982
24955.6102291
38238.3344872
13834.3619362
794.4352891
1147.1691119
4187.6156924
7069.4269342
30514.1035084
60000.4335512
32576.1373410
5768.4451020
1699.9785727
5634.9423878
12347.5966990
21528.8780446
68808.0766128
49231.0046222
6845.0558519
6652.0850673
11378.7181468
12174.4236123
16687.0129440
46647.6854504
40694.4774280
6322.4688730
3188.2833104
1895.9991441
2856.3137548
8822.7493947
19464.1061723
26136.4939395
12274.5477019
5045.6164892
3267.1484263
718.7237929
3740.5723163
7481.4194329
12417.3348004
5687.7684737
623.8579879
365.2830681
816.2228976
2755.1442934
3030.5323964
11981.0901662
10165.7668766
2987.8631341
2107.4884752
3733.6675658
6449.9731529
5288.5827732
16173.6285361
17037.8119450
6800.5854009
2911.1844163
1905.3406677
1490.6313209
1331.8868035
5635.3536827
6643.9982511
1427.0051612
2166.4443236
2000.4293069
2162.0072065
1635.4373781
5825.5986117
8936.2134557
3362.0538468
1560.7126944
1739.3129066
643.8308413
909.2533016
608.4066764
2393.5131355
1716.2981307
742.9711823
1767.1390931
1953.2025513
730.3492194
1205.9319436
1750.8671873
1018.3873278
248.6331533
430.1461199
664.1606648
723.9230364
453.9475748
1341.0395235
1367.3141952
626.4364688
623.1176234
394.2858110
155.9989655
289.7805049
426.3410021
442.9548465
188.1042831
25.7864286
38.4221501
58.3550739
62.9105608
62.7890267
49.6383811
31.1748556
49.4097794
62.7689277
62.9009345
58.5071979
38.4669083
26.1969312
185.3639135
441.5930052
427.5817402
291.0557101
156.2273577
390.9507747
622.8705129
622.9591175
1361.1654569
1347.7380492
458.6968565
720.9447669
667.2122871
432.0956454
247.0563356
1006.8846259
1752.0174916
1210.3268204
729.2909074
1944.1198132
1776.8728895
749.1040778
1699.1618025
2402.5247255
615.5839281
915.5096429
631.5575039
1732.1691458
1572.9295074
3301.6507387
8916.0387743
5889.4046289
1624.8508436
2163.9397493
2001.9319103
2163.8050615
1421.0743714
6599.4202801
5696.1239453
1291.7789684
1511.7357927
1894.1987658
2897.2779272
6725.8627867
16958.5374053
16269.9863638
5321.0599748
6457.8041445
3761.5362331
2109.6075667
2958.1264925
10089.1905820
12036.3722486
3089.0522915
2769.2171656
821.3966148
369.1384552
606.8576049
5606.7680883
12404.0540352
7555.1045263
3755.3127744
727.9231189
3246.7953922
5025.2396710
12139.9109695
26074.5398798
19612.1372991
8864.3143264
2918.0626747
1869.3775311
3181.0938456
6167.4404626
40358.2314461
46898.3167484
16779.7264136
12247.6352016
11389.9639418
6703.5899955
6633.5232812
48762.4926370
69010.6882681
21994.1165863
12343.1800454
5707.2740251
1661.7185273
5675.9538839
32189.8174311
60004.4914462
30926.2571803
7066.7198416
4226.5021149
1168.2117234
816.7115286
13579.9107202
38141.3423255
25240.9685382
3247.0551548
6920.9614893
3624.5871050
2172.6892806
17748.5902876
54270.8546531
43129.1958500
3794.3596601
7885.0113531
3235.9282954
8102.0196433
38252.8542998
119269.4660837
118957.7528714
30552.7154841
3902.3274561
2330.5045460
7618.7460219
2231.2550564
90490.4035421
150787.6298119
56159.1560943
7236.3126565
3515.0776805
3237.7947794
3579.8424011
22270.5405551
54977.9255136
31409.5201139
3593.2600220
1455.2356088
896.1695216
323.7806384
6319.7177293
23003.5299720
19946.0578266
3229.7660336
1572.2239328
866.0167095
1349.5046851
4574.6480331
31668.2256734
35701.3862657
7493.5429883
2900.6544468
405.3122930
1283.7395106
6255.5231122
40637.6512436
56244.6343020
19716.3298252
1505.2799710
376.3965562
1594.3831822
2086.2486196
38297.0150474
